class_6,class_15,class_16,class_42,class_52,class_53,class_62,class_64,class_65,class_67,class_88,class_90,class_92,class_95,object_id
6.318656053051667e-06,1.3245890110808673e-06,0.00012946795538739436,3.0244600958631827e-06,6.230378141322161e-07,1.9652351170463823e-07,9.001606914638833e-07,3.5619054986556876e-08,0.0001105763321930799,1.0290618218437573e-07,2.0946457315338546e-06,1.941159859879149e-06,0.9997428412010473,5.527533662378565e-07,615.0
5.3018879669310145e-05,0.0006996125956664549,4.466402134550665e-05,0.0006449810182328144,0.00030082219276800594,3.7832181723513536e-05,0.0001606999537910092,7.183263008196815e-05,5.059882496993613e-05,7.873358476540624e-05,0.9922899577971178,0.004237538279745122,0.00043523969741417353,0.000894468342708863,713.0
2.8339603899104718e-05,0.00028892425682066334,1.7267180287911088e-05,0.30810661342013657,0.3041108385539795,9.164871996920682e-06,0.3125674899069239,1.0460579071267997e-05,3.8080860314841354e-05,0.0034326441903455938,7.721828806842655e-06,0.07105368759110163,5.2701401272871934e-06,0.000323497016187825,730.0
0.0005456870480127188,0.002377461457907023,0.0007724118915766216,0.021498114577180368,0.2658189491805635,0.0005289987965742178,0.005753288136198753,0.0009318628846881291,0.0006480707225147529,0.0020725314099920085,0.0006632801699494262,0.6972040645760056,0.0005253220764735113,0.0006599570723632832,745.0
5.610804023411039e-05,0.0007518175754008799,7.726411070888081e-05,0.01874214699508022,0.3839795787871243,1.7354655103527476e-05,0.005755509503681573,7.48084398737181e-05,6.530276981787926e-05,0.05234531835087789,3.459650716703924e-05,0.538030920723189,1.2919176182644297e-05,5.635436555830832e-05,1124.0
4.695671000267769e-06,2.4954183259183103e-05,0.00012906037116907333,0.00013529829622042753,5.814580222698473e-05,1.731125272855233e-07,0.00013083476894385252,2.4375953258804198e-05,0.9990681218223691,6.931758589583894e-06,2.3943801830553076e-07,0.0004134690395751064,1.753832869522187e-07,3.5243995552311263e-06,1227.0
5.8777389641401924e-05,0.0031023319463558967,4.010021460602773e-05,0.28198807591666464,0.011122745639401712,2.7675753968901125e-05,0.03386105896991711,0.0005165520762243157,0.00021053525031864125,0.00665577171770026,1.1678501595084603e-05,0.6622193137836327,3.306129279794809e-05,0.0001523215471753231,1598.0
6.0255534815443754e-05,0.0034596063203166465,8.622285154359452e-05,0.2365765543296209,0.011859257277570517,2.5338272938027577e-05,0.14177618595889774,0.00215447002933023,0.00015241944989064142,0.06608500717789792,0.00030603351895792984,0.5243282218110679,3.209946154009437e-05,0.013098328005612442,1632.0
2.114582550628058e-05,0.0002488410327925018,5.0086319431174967e-05,0.009045795813516026,0.07739544087019973,7.942385963694637e-06,0.0028002407728788584,1.6224076123813967e-05,3.1782533241331355e-05,0.000640460864478674,6.0403922897426e-06,0.9096453910704333,8.465705504848928e-06,8.214233764003525e-05,1920.0
3.185403463212969e-05,0.00034390179990171125,0.020568259168392243,0.002583580344127026,0.00023458940965612876,4.271580281959647e-06,0.0003242485922469745,4.5508966731036076e-05,0.9739818953972482,6.803382614872588e-05,4.566135322581709e-05,0.0017248557951689647,1.7864427837768065e-05,2.547530440122876e-05,1926.0
3.0400490762840848e-05,0.01286167445000104,0.0004326792139143302,0.05400934709045772,0.10849845060459218,2.1628197731592235e-05,0.028427978624062603,9.873667532898909e-05,7.293957399190304e-05,0.009332802630729694,0.00015353356705185984,0.7858774634190601,1.792690390852766e-05,0.00016443855840665722,2072.0
5.828117061318408e-05,0.009810103717573463,8.026439169886532e-05,0.6520902435374583,0.039369285487830745,2.4209060464433646e-05,0.025123648539756373,4.280923429284728e-05,0.0001593764069578763,0.0063949528794824155,1.8969490896913858e-05,0.2526710132579503,8.718593579128111e-05,0.014069656889233055,2103.0
3.98287602413997e-06,0.00015803263609937888,1.565223412882398e-05,0.982169761708735,0.0021400690373033593,2.476722902959299e-06,0.013405482144722959,1.9440620377406114e-05,1.2045559286590813e-05,0.00024346905790899749,2.581774107363367e-05,0.001716845707387588,2.2792630255970807e-06,8.464469102358156e-05,2300.0
1.9849673189972445e-05,0.0014914916100920576,0.0003010692291378773,0.0418823475027847,0.059432391375777355,1.879595962654406e-05,0.03715799284562983,0.0002695764263227302,0.00013269407868085191,0.24431921049014554,0.00017797166396256908,0.6145057689502759,2.095861962458306e-05,0.00026988157474951667,2330.0
0.0002482719089236707,8.823585070211038e-05,0.0003206413284694305,0.00014949334590411525,0.00039001427037242047,8.680743842524206e-07,0.00026881308338313234,2.4658809798261674e-05,0.9981935690564188,0.00019277286996853115,5.336271138848197e-07,0.0001205461467981785,7.20270737298624e-07,8.613570259993238e-07,2624.0
0.0001398011835569698,3.264069921056572e-05,0.8892204717610069,0.00019866055376648807,0.0011247032983631154,3.3704200758094417e-06,0.00020943484797221473,8.42193341917138e-05,0.10814035976047871,0.0002017198053747014,1.099373918555534e-05,0.0006291471418092159,1.331731086026006e-06,3.1457239222016307e-06,2677.0
0.00014617610610708048,0.0011986975062778234,0.00010188224580217698,0.11370628385623159,0.11500735436006886,7.000682210368909e-05,0.22720907681388638,0.0006534483788459467,0.00066974141619269,0.41351491475233554,6.297989630374037e-05,0.12752399849795354,3.728342898149404e-05,9.815591890935046e-05,2922.0
3.7516659714606435e-05,0.0012204306343965566,4.8272067456984756e-05,0.09708492048035836,0.09094242048761504,2.7671477036807415e-05,0.6395417025591089,0.001328701545955281,0.00010686010055949398,0.08138159415038762,2.7028855558061574e-05,0.0870630491948908,1.974818467414935e-05,0.0011700836022872098,3041.0
0.0020484496096125995,0.043647499040423324,0.0022431852106550645,0.6632440896858226,0.08537461135944983,0.0019858037354456948,0.10209430594103233,0.003518959122607759,0.002246778975315995,0.010470198024357788,0.0020762278089545335,0.07652892904620898,0.0019720017295480367,0.002548960710565617,3285.0
0.0010641163834727903,0.007879480084042711,0.0010367391509065393,0.1772500230004838,0.03566084322589349,0.0010315734784654344,0.05661391114361192,0.0021611162921745825,0.0011721916499770823,0.03702466492691465,0.0017247970960467636,0.41949127412352083,0.0010244036947755816,0.2568648657497137,3423.0
3.892488701174865e-08,0.0001201907438841086,2.3995414792582277e-07,5.136691776723165e-06,2.0566075103181293e-06,2.793311982552574e-08,5.224663568240845e-07,3.138188444567399e-08,1.343574593665166e-07,4.409494428090356e-08,0.999767245912394,2.7237433200646596e-05,4.064477298299531e-05,3.6448725451390204e-05,3489.0
4.075040266558734e-05,0.0012493171960113324,0.00010573016723369132,0.039921604399869,0.006612376984654563,2.3757615247161946e-05,0.44171639675311436,0.11854806575049426,0.00016560213031461567,0.3735399971172082,3.329482798165484e-05,0.017841121914759506,2.5780881218123978e-05,0.00017620385922768213,3910.0
9.742931178607721e-08,1.2412750170525761e-05,1.6912840350226982e-07,4.658062861139852e-05,6.240384145283857e-07,1.1687906974707288e-07,6.160302144591855e-06,4.128824611049348e-08,4.831337320389577e-07,8.025444569739295e-08,0.9999166817772677,2.0950071047375995e-06,1.184321731878375e-05,2.614165758934327e-06,4088.0
0.00025562414557229297,0.0032284364662650386,0.001026341434177669,0.23539485019930423,0.11776703141662231,0.00013167277270457098,0.29187749729488044,0.016301423906781413,0.0006314826199299812,0.1627461240866551,0.00015117832954093178,0.17006777257287317,0.00014938695340571627,0.0002711778012871745,4132.0
9.122819487909359e-05,0.0002045823872882836,0.6017007057194461,0.0008872361255181534,0.004092667783979053,2.1341538883735897e-05,0.0003140145549930328,7.259476216625299e-05,0.3890628704838065,0.0009580935626778718,5.9479882556044716e-05,0.0025001916750354387,9.845865727168074e-06,2.5147463043148856e-05,4171.0
2.446727827335532e-05,0.878229785314547,2.8997201507646507e-05,0.00583598126464934,0.0018165480605093047,6.7270305189401304e-06,0.0004366728356503007,1.6952257484141613e-05,5.7504356597773225e-05,4.9426890900989616e-05,3.031236699016544e-05,0.08549568352361567,2.6098442850779434e-05,0.027944843175904583,4173.0
5.368128443585182e-05,0.003361534006820131,0.00010168130786107063,0.9427583611023933,0.0036371921274107096,3.1742208144303e-05,0.01415059548708122,7.644732510428785e-05,0.0001609654893409747,0.006308370499497631,4.460274471456075e-05,0.028654619615149313,8.164281344977332e-05,0.0005785639885971851,4220.0
0.00012698540469251445,0.00882939798955633,0.0002918154648508384,0.04831739918060255,0.20561544438415635,3.946517259951034e-05,0.02172861837732411,8.312629533268323e-05,0.00015643447452017394,0.07966468679810837,8.064791002905461e-05,0.6343312417308743,4.23368005199439e-05,0.0006924000168331957,4389.0
8.943605696379901e-05,0.007338116350383637,0.00017445896267958584,0.05135937246948218,0.17437957864256823,4.721226937103038e-05,0.012273043880329957,8.587806890415471e-05,0.0002462379452250878,0.001103605892010736,5.460698185958452e-05,0.7514335819154179,6.568622019341096e-05,0.0013491843446105899,4595.0
0.0001046064278457051,0.0005730967973000847,0.00011708374079400987,0.014330073078598602,0.09548141644706454,3.2168546789985205e-05,0.02069862135376752,0.00011824531116644583,0.00025143940899433444,0.01888483268662542,6.09383943160397e-05,0.8490380471685783,4.8647849425248174e-05,0.00026078278873382086,4819.0
0.00040934224093011894,0.0028660520756603964,6.622884213784515e-05,0.16614651252986964,0.2815210274929634,0.00012043553734544556,0.49500076675217614,7.609201101395657e-05,0.00027265130767934283,0.006573984721015461,0.0009844093217265786,0.03685120268336508,0.00010338420913587179,0.009007910274980675,5527.0
2.0208946126438612e-05,0.0003827817493845133,5.294848374009824e-05,0.015516007846793358,0.061757931826289476,9.485300953438357e-06,0.00937065277389631,1.4628428828812673e-05,4.6636901785589696e-05,0.003284018272488538,5.284641660778715e-06,0.909488235867302,1.0441807735766274e-05,4.073715301486534e-05,6180.0
1.6238402559514483e-05,4.2482012864865326e-05,0.0021302880894267877,0.0010866063937776606,0.0001585111003488068,7.325758500985537e-07,0.00016687989682377604,4.940884927402474e-05,0.9961256449370495,3.610227266728424e-05,1.0396040154987273e-06,0.00017602093806307962,5.23619043270605e-07,9.5213082359928e-06,6266.0
1.7841715698647737e-05,0.0003509182258759959,2.0910735540007396e-05,0.10934043409747268,0.49101268926237046,1.1448468166398108e-05,0.04914033923421542,6.505179887218358e-06,3.9217480675011974e-05,0.0033742765174659623,1.1821720574205258e-05,0.3463651525495681,5.822610536058023e-06,0.00030262220195390667,6762.0
3.732909698807149e-05,0.002114513448912468,8.711039788534145e-05,0.07136250541354627,0.24388815620377685,1.740124248759596e-05,0.035536296700895136,0.00016230415472515882,8.514232599130945e-05,0.09684503466880448,2.6731789697821165e-05,0.5496836872828393,1.4528061083488398e-05,0.00013925921236679096,6947.0
0.0004949836356819673,0.11737370641940728,0.00024464903413430703,0.39542848612201187,0.18210356926286145,0.00025074418161018263,0.06351252791579053,0.0002939082696702089,0.0006493927909454907,0.0013570772152440213,7.303949335457971e-05,0.23375761758022467,0.001268663813910326,0.0031916342651531933,7033.0
2.4733724733694e-05,0.004189479260780907,3.4771873374016564e-05,0.011192745311213432,0.07726579066343921,9.102660695045738e-06,0.0018694572144096384,1.7300349375135126e-05,2.8717945254540703e-05,0.0007478855276549574,3.0940667777647704e-05,0.9045119533587246,1.0641875783675688e-05,6.647956678330315e-05,7164.0
2.4915491395969548e-06,6.281167646944427e-05,1.367692302751798e-06,0.0005389861567247656,1.8143051009369606e-05,3.848186928906458e-06,4.8505079926480016e-05,3.104365903746384e-07,1.4275305289593214e-06,4.3340179755418095e-07,0.9926358267274134,1.591254518257888e-05,0.0066494935110236715,2.0442454962148747e-05,7315.0
5.763773879624104e-05,0.00023687226754384882,8.875379621840704e-05,0.002325063384960027,0.0013554339772378513,5.58750561727827e-05,0.00024474713826832313,0.00011119152291515515,6.364027252752715e-05,0.0001599466108768412,0.9940337070049927,0.0007948735058763772,0.00028971744536326037,0.00018254027825054657,7409.0
0.00011007079033167739,0.0001548201374152988,0.9260624319761089,0.0004929854952121301,0.0008699656025270412,4.971539100615324e-06,8.323895658350222e-05,2.6977335516678784e-05,0.07087931592049149,0.0002914455014736524,3.4215743794369374e-05,0.0009428475140842535,2.3453043695512466e-05,2.3260443665028968e-05,7566.0
0.00016954121930273826,0.02221848413622789,0.00028220765262177116,0.0765344379955973,0.32857697722124946,7.232059417186045e-05,0.07489136656935198,0.00038914288921852367,0.00030898276503866134,0.03695157464733645,0.0005353063332905525,0.45873104232485934,9.040481596826322e-05,0.0002482108357652102,7698.0
6.593119027011325e-05,0.000831408257261418,9.460550622320415e-05,0.059161865454847105,0.12459303820597056,2.2025246898025404e-05,0.2469308135429773,0.00019774611918091468,8.740972366022277e-05,0.3250854556437982,1.3713681470212877e-05,0.2428368447698196,1.1674842777815104e-05,6.746781484534106e-05,7703.0
6.912194083888176e-05,0.0002872272919735495,0.921580284232265,0.0003417626070336915,6.198406842015686e-05,2.012864885766393e-06,2.6563015335993176e-05,3.196603534256641e-05,0.07621879542492901,6.202351530399442e-05,4.280824730094833e-06,0.0012942418199800188,1.2801755513106425e-05,6.934603448520944e-06,7756.0
3.82439954962626e-05,0.08135307590402106,0.00021501523041444538,0.43284287513011643,0.12457395783613343,3.514692309682563e-05,0.02217574484572054,0.001056597936474878,0.0005291378906584398,0.00640306018420369,0.00020771595522286107,0.33024801836585466,4.28902005239693e-05,0.0002785196020623719,8328.0
0.0003326246583611492,0.000765260587049187,0.0022614718671146966,0.0003301521696396282,0.0004842925891310126,6.671392763410367e-06,0.0002817975651018623,6.801376307745459e-05,0.9949950809051279,0.0001752698394148975,2.3432092264745772e-05,0.0002247294160554279,1.795380812815443e-05,3.3249346770777335e-05,8688.0
0.0008889049147631222,0.008650035117072337,0.0009098928001888769,0.06170785204271539,0.018280168847996586,0.0008922259054820619,0.03522997245015207,0.03032793930177001,0.0011910259147581623,0.4439814131641662,0.001285361226309062,0.39348315804037476,0.0008860246344351309,0.0022860256398162197,8745.0
0.0008492474060680397,0.00026412448613824844,0.9964826724067803,0.00021842168287434044,0.00029764640781830147,2.6412091005103532e-05,0.00027619083569523106,3.617149319107414e-05,0.0007656317303564792,0.00013387078054812108,0.00014411449430475344,0.00024249622900400207,0.00020441855043268494,5.858140578372235e-05,8784.0
7.387384211082545e-05,6.0566777211370995e-05,0.0005604849753378413,0.0010660677650492537,0.0003847561069787741,2.68858301050458e-06,0.000607305040983468,0.00011986101013185832,0.9959951715829849,0.00010910292656545476,5.478538674807191e-06,0.0009956951077673697,3.4142098780765556e-06,1.5533533315335736e-05,9006.0
1.797923252805432e-05,3.8400362416056284e-05,0.00041685501847365505,0.00017524833739782162,2.7702987197350345e-05,3.4934214309378663e-07,9.937950172835401e-05,6.483154872477654e-05,0.9989077118416061,2.6475643055306134e-05,3.1641555394631536e-07,0.00022091771645156493,1.4908906702005984e-06,2.341162053772734e-06,9172.0
5.744522426411885e-08,1.3694609283237674e-05,6.784297797408206e-07,9.766616157696079e-06,1.6020517630014507e-06,1.1563815473676233e-07,8.393715137710959e-07,5.588094872568712e-08,4.183572887360222e-07,8.732443549675846e-08,0.9998357302546389,2.8991487640630703e-06,1.1930718835380537e-05,0.00012212415321238588,9184.0
0.0002641026912329053,0.011072347685639316,0.00021719769512788622,0.39466218723115154,0.17572437166967864,0.00010457163033578084,0.09542969771538573,0.0001754111301276965,0.0006930361850756804,0.03529457931014165,4.405968633879775e-05,0.2819360017694702,7.696873828097594e-05,0.004305466862013352,9203.0
0.0008278436920050564,0.0005986335387830346,0.0011575637154182742,0.0006049595687362177,0.0004583333425688782,2.608544336408734e-06,0.0005463797507009592,3.378048560035354e-05,0.993585717578439,0.0007135960181694778,5.38204178688062e-06,0.0014507268007635788,4.648557320717067e-06,9.826365371113509e-06,9543.0
7.14106071695455e-05,0.000728359248979584,3.8206517848222616e-05,0.11372007697620844,0.1314964769244783,1.7953023245368445e-05,0.5285971056246636,0.0007185247314162562,7.413203415673266e-05,0.2054380438823364,1.5421494376574384e-05,0.01895063963802113,1.4332534585001779e-05,0.00011931676251490265,9936.0
0.0002094302665563198,5.364915651296333e-05,0.0032197627889233777,0.00012009611789096126,0.00010613248580131658,2.8300075848120666e-06,0.00011879643430314941,7.230030862654556e-06,0.9944422521810106,0.0005227247084170922,2.309922107438369e-06,0.001189537063964418,1.0411673865590298e-06,4.207668678553822e-06,9985.0
3.4609475160919613e-07,7.742768564706281e-05,2.962040548619442e-07,0.0005214488739664803,3.4858474935634323e-06,2.8139614525555276e-07,0.0004702073840747071,1.1702759874925565e-07,1.2323373429398711e-06,2.715267258154836e-06,2.0880101970468814e-06,1.2145726307016681e-05,4.850318096016841e-07,0.998907723113353,10321.0
3.515781430046679e-05,0.0010782842045661436,3.38034238209454e-05,0.1248497470330067,0.07137323193188742,1.2769423487423312e-05,0.07972053553471635,2.3286390039902286e-05,5.490250101155383e-05,0.02684102748355424,1.4307778424869599e-05,0.6931275568228538,1.0730326130696775e-05,0.002824659332199518,10337.0
0.002603925292099349,0.0017808799617669065,0.02024827680280981,0.0017030515019787833,0.0013790194850670902,0.00018410530344098181,0.0012722684343094907,0.0015896504962902645,0.9626045254286191,0.0014783370115427055,0.0002697764791750115,0.004510436351959194,0.00018916713544391556,0.00018658031549746763,10349.0
0.00015797766698485456,0.010331504200997621,0.00020338590422091997,0.19647520129051987,0.5028810534976803,7.416753895630704e-05,0.09229332036669989,0.00014265832592797736,0.00031793508443370524,0.004474686678767846,8.938746853503473e-05,0.19087538731523135,0.0001076603111087637,0.001575674349935602,10478.0
9.909402945077765e-07,0.00013320614659024425,1.5199440294566962e-06,0.00011950081635788964,9.892642204776345e-06,5.219173376261031e-07,7.451992983220394e-06,9.006617608272922e-07,2.79572835631206e-06,1.2918170610176797e-06,0.999542851822387,1.5439548389523633e-05,3.373079147037958e-05,0.00012990523077713507,10586.0
0.002154059499348753,0.016420764620194896,0.002123524898705366,0.48535884037112553,0.3399296032341145,0.0020881838538308007,0.06501684768246081,0.0036431753549030724,0.0023959884512358633,0.006146628705562401,0.002131208708581744,0.067430726020995,0.002073670271571123,0.003086778327370332,10757.0
0.0014377655417859045,0.0001213953299929407,0.0016907309409151807,0.0014370409655975306,0.00023351307193037442,1.5944106911873788e-06,0.0023539527300273297,0.0005438439972929823,0.9901476552560688,0.000476631824524381,2.4719616000102117e-06,0.001545844118923184,2.1177898244824287e-06,5.4420608255333305e-06,10796.0
0.0006033238434527383,0.0030350170823822244,0.0005795061418795288,0.0466958239955954,0.07342370699418184,0.0005798924999546737,0.6393400080158625,0.0011346110900917633,0.0006768600372880872,0.21064775239292965,0.0005953664109832589,0.02139337263985683,0.0005758620514458302,0.0007188968040956,10798.0
0.0014750833045161327,0.0012871001893145014,0.9827005947577911,0.0008051133542440809,0.000529093963036239,7.425325985535603e-05,0.0005820683792155213,0.00011893832191255245,0.006752259303281491,0.00018315054561494603,0.00028443948929850394,0.0011644368512344037,0.003875010463652182,0.00016845781703300386,11165.0
4.071704976614509e-05,0.0006281598500688941,1.4234952756854573e-05,0.86491877108449,0.007595603794880382,1.5494876752422637e-05,0.1230250067869662,5.125095553180149e-06,3.837788657187063e-05,0.0013311136760559394,2.0691343344717257e-05,0.0012824002767821301,4.4722245075754075e-06,0.0010798311015039396,11359.0
7.770789612093787e-06,0.0002920681837112164,2.7501242523234422e-05,0.006853162993842072,0.01316616148212976,4.29313864020873e-06,0.0036577752633725766,7.542464023000884e-06,1.8428808401551057e-05,0.001438859969522126,2.558916377700402e-06,0.9737139429957936,4.24277821957799e-06,0.0008056909738312948,11507.0
2.050155274229476e-05,0.0008032850403626211,2.4742513121527037e-05,0.024664160249550714,0.007263498500617162,1.1853094531328715e-05,0.4241025674319966,0.002720899891632158,0.00011541586081450445,0.5164793591356123,6.746956843390039e-06,0.02373493410960817,1.052186206000899e-05,4.1513800507359836e-05,11770.0
2.903334986181963e-05,0.000289803465818155,4.157150607281749e-05,0.06112912080071954,0.6934151633606557,1.0064945001619331e-05,0.012391642563543089,1.0481201553920223e-05,3.657119682444425e-05,0.0017419230975750843,4.2021917579245885e-05,0.23049077656751718,5.495526258322315e-06,0.00036633050101900124,11773.0
2.381311075217293e-05,0.0005448998747110957,0.0010368874143516253,0.0017573002993016861,7.337308149655911e-05,1.2227828528991418e-06,8.27808433170081e-05,1.4316204446444095e-05,0.9962022279714661,1.3876969612048633e-05,1.387769473508414e-06,0.0002361660383670311,2.4507720550049944e-06,9.296867796488779e-06,11931.0
0.001039167200671513,0.010773400120238722,0.0013251216369531522,0.061096454438508196,0.04576430012323294,0.001010656187225985,0.10092420790349842,0.002812652937268586,0.0013828117530197436,0.38953560757926037,0.002338294434557302,0.3793496937636917,0.0010036317857669622,0.0016440001361063869,11978.0
6.098574408339457e-06,2.3745819650205916e-06,7.546481137146308e-05,6.9236623173617024e-06,8.85711728912021e-07,4.7318903097280886e-07,1.2424551307598439e-06,8.66425072270894e-08,1.9571036347357866e-05,3.762523058639887e-07,1.174379954608947e-06,2.9154476240757396e-06,0.9998816144497387,7.988055693396643e-07,12695.0
6.915239201220743e-06,6.976420280512391e-05,0.0001743160373290444,0.0002298145590097205,0.00011679372733624431,4.198572911403154e-07,0.00012995119244824433,1.228306517265578e-05,0.9989676292317005,3.1048076024705484e-05,1.3676791923975341e-06,0.00025322370186112777,2.3572727621808544e-07,6.237703351578868e-06,12872.0
0.00019230161722063777,0.002997172617927389,0.0002850709630362547,0.03768120176527999,0.6094194934408408,7.556511325979282e-05,0.008693531725757656,0.00018726453766755227,0.0002739339970341095,0.012508362107123363,0.0001604411254647218,0.32594030743013197,0.0001034966638816741,0.0014818568953740108,13079.0
0.0005343082659510202,0.01548913865678993,7.711924900646979e-05,0.05273016705103023,0.12174320489650177,0.00010831677293172782,0.17867294653400542,5.8784022263476034e-05,0.0002465598027196062,0.016151040512195257,0.00013103411847979637,0.19956504419543275,8.376495366978124e-05,0.41440857096902267,13138.0
8.952604701233819e-05,0.002150184434695535,0.000145108890149649,0.03961591281930425,0.1851216473452984,2.6230508341742697e-05,0.011582351272172452,5.854617467962463e-05,0.00015673370986951085,0.0011566569282710358,8.341775080576536e-05,0.7594749371309529,3.8202156338270927e-05,0.00030054483210856155,13194.0
2.8546606737978e-05,0.0006307640665965904,8.150500405785998e-05,0.04507980239629709,0.06616853293127997,1.5341130513971644e-05,0.046295276035768,2.1260073160905587e-05,5.0921433076890324e-05,0.016255494553095336,9.476554401793696e-06,0.8253061874468434,2.1393311998236766e-05,3.5498456171977137e-05,13459.0
2.1492944779613986e-05,0.00019650560207436414,6.499335017502547e-05,0.017165101086031417,0.2906478714774175,9.000736220698238e-06,0.02919180445334552,1.579468427538936e-05,4.257418988126527e-05,0.05101003404977323,5.87306999684018e-06,0.6116001579179636,4.476048272143265e-06,2.4320389793393273e-05,13482.0
0.00017561699247988508,0.00209070424254023,0.0006897707770942642,0.1242343892877082,0.30510861913944837,8.817249892248443e-05,0.05764231687713239,0.0004063633776150699,0.00048030465528658365,0.22318948658023072,0.00011179615329492409,0.2851726797555309,0.00010710936258188259,0.0005026703001340636,13504.0
0.0002517268677953591,0.0006020971722582964,0.053303898723245764,0.0011435865691612431,0.005677596540901382,5.450583137568521e-06,0.00033901929733526744,0.00015026409219079083,0.9276375790531326,0.000737621396081802,1.2619090854823277e-05,0.01010520553029272,7.508385540281923e-06,2.582669807219014e-05,14080.0
2.2980290294608525e-05,0.00011438828599211503,0.007732885808789125,0.0005122613499286099,0.0002771980434524306,1.9835364534365656e-06,6.787947305541299e-05,3.69786426436919e-05,0.9908262187908506,5.543723647215786e-05,6.620673660606318e-06,0.00031513149548349615,1.699557561269568e-05,1.3040797310930593e-05,14156.0
3.882088106861117e-05,0.00037085604750638704,8.838003962879537e-05,0.08527628854182635,0.2940059699412459,1.793022544927626e-05,0.057379111506028584,2.134829715600175e-05,5.626062702821687e-05,0.0017627499280764782,2.1297492617639117e-05,0.5603622512313052,1.0881732893917575e-05,0.0005878535081686515,14279.0
4.162674716909658e-05,0.001257250796127545,7.587636707981151e-05,0.09754556277978221,0.2978006883483266,1.76916175962393e-05,0.04598497603856214,3.827820140678232e-05,7.534356264215117e-05,0.0724476509492315,1.6234091331942562e-05,0.4846592069553282,9.389435569660839e-06,3.0224109846089402e-05,14398.0
4.7302384270339347e-07,1.0364199005882334e-05,1.308443269971206e-06,0.0004129710525150425,8.862087137758732e-06,3.1142773845572345e-07,3.571889262753326e-05,5.570673732821386e-08,5.375101179323275e-07,2.5265087378356214e-07,0.9994310921811562,4.911306202372392e-06,4.2504356243310904e-05,5.063716253159222e-05,14539.0
1.837345955437295e-05,0.029393461405926892,2.9385349969452087e-05,0.02616202016238804,0.009229954072050453,6.212641434318963e-06,0.00189327260733984,6.0479056552691075e-06,5.682327947366718e-05,0.00022284471996824337,7.385102600485862e-06,0.024244380639718118,6.4928233797772486e-06,0.9087233458305412,14553.0
2.448759128577055e-05,0.0015929923400177768,0.0001441081249919094,0.0736116791598396,0.18057763657489861,2.2839437255833208e-05,0.042800630418325686,0.00015083468101714635,9.242413764540984e-05,0.12581219239791352,7.473928237446184e-05,0.5748471994397067,1.475771245524851e-05,0.00023347870227211228,14601.0
0.00018073938809731036,0.002062933135648831,0.00022001905321399805,0.04470622337017027,0.5505959933415383,6.482010478233323e-05,0.026430231110296718,0.0057299459918498325,0.000346073673007119,0.12545848625567166,0.0001358197414114462,0.24358582497474995,8.23100263883502e-05,0.0004005798331737061,14674.0
7.542219327280554e-05,0.002755954379340732,0.00010387279294078787,0.06039117969530206,0.025474226235720078,2.3872754907456914e-05,0.04890596061762597,0.0012173581584729192,0.0002630647108337371,0.13680290418729704,1.5559490539936644e-05,0.7238421481685673,1.6232669861156368e-05,0.00011224394531792176,14983.0
0.000985177400510099,0.00446488998183884,0.0009892073177833847,0.04380651108512921,0.31113117275429636,0.0009550486147323978,0.01597297789098761,0.0030180536100328724,0.0013029984804345642,0.0071342014649093035,0.0012729325456527986,0.6068223064273219,0.000948410704662132,0.0011961117217083952,15002.0
5.3072588446291466e-05,0.0012127674445029692,0.0003961921261193532,0.17177288902582302,0.1042237113823202,3.679588949784937e-05,0.025674240746915343,0.0001102085474034914,0.0001254895609834003,0.4822924341958433,6.390837263908632e-05,0.19892966947311316,2.7751451586752143e-05,0.015080869194805625,15251.0
0.0005453817101318736,8.388640457402443e-05,0.0015097454589503986,0.0004212020841829149,0.0007281659431658985,6.123944794828433e-06,0.0004896063064021242,2.331133344117282e-06,0.9931841691528219,0.0013251455789971844,1.1003813544438255e-05,0.0016863797607072713,3.0532409109743782e-06,3.8054674719826998e-06,15475.0
1.366850289471114e-05,0.0003114145303667289,0.9557813068077348,0.0007293989846660124,7.665755841345203e-05,2.1402886272708595e-06,5.850089025054464e-05,5.0924394597755285e-05,0.04259712823738816,7.760600354926161e-05,4.537768704595524e-06,0.00027889145261009006,7.297769084581302e-06,1.0526811112477148e-05,15626.0
1.802857665909182e-05,0.00025817728508299487,4.0463020081947046e-05,0.006202543632992707,0.016788411617248637,6.9628615687078716e-06,0.003915699310061741,7.156368884691253e-06,2.849121202823191e-05,0.0024764580910225232,3.989023846681897e-06,0.9701666846701378,4.782348722901132e-06,8.215198166126103e-05,15674.0
0.00018575310394657057,0.0007200304329127781,0.9876598698970162,0.00037458967340193094,0.0006199172059631855,1.379429881258505e-05,0.00011930248584221217,5.5345678824563976e-05,0.00904726990931563,5.551787688908284e-05,0.00017934829123570102,0.0004918306219669886,0.0004162210179489452,6.120950592381939e-05,15700.0
0.000224663097122705,0.0077494423319676865,0.0003453521601515418,0.17918035477131544,0.3007137169703848,0.00010229279145109923,0.027102135020328856,0.00033431918522458255,0.00046920147697713567,0.0050166850505535265,0.00026788007576755685,0.4641502320013351,0.0001666306688051117,0.014177094398614982,15718.0
9.21220331093968e-05,0.0017618948050273833,0.00011580278413969803,0.02260207738139917,0.14034122710380442,4.316358068802667e-05,0.06279818183551798,9.154091216532367e-05,0.00018871843271656925,0.0019526507516550273,6.375673737583651e-05,0.7694749797504753,6.526286474773215e-05,0.00040862102717803425,15845.0
6.147139503131725e-05,0.0005405766680573598,0.00014713122024919141,0.07040077436633568,0.10008962793553472,2.198921301333196e-05,0.05221186961622681,5.8811656279119424e-05,9.081060602553319e-05,0.00600480513532904,2.9047620229507976e-05,0.7694475833366443,3.1226520655447056e-05,0.0008642747103886398,15968.0
6.630970264125725e-05,0.00014834581402576385,0.9855770372564285,0.0002872984704610814,7.450794831646752e-05,4.834930446108084e-06,0.0001484956677756647,3.937313821278583e-05,0.013150588342237417,0.0002874469950857768,4.027606873945335e-06,0.00019228281062824015,1.3135074484923816e-05,6.316242381852814e-06,16339.0
0.01586337248100928,0.00436330077390263,0.9184880650441815,0.003844949352811029,0.004987507471530305,0.0011751093764356638,0.0031818236167952545,0.0020798290787808955,0.01484577960967223,0.002776622178333097,0.0028773270482389496,0.0035482859461977464,0.02002013847032886,0.001947889551782496,16349.0
3.224875155436279e-05,0.011358227722285435,0.0004575924997724694,0.07674402255840329,0.029575696359680433,3.269450038308897e-05,0.015274857827311054,0.00035370500924632517,0.00023605747073260805,0.018094792133005196,0.00013716710024175952,0.8471698187396461,3.3747001167659076e-05,0.0004993723265702462,16463.0
4.71697461002002e-05,0.0031078286999801363,0.00019119999283139793,0.1166473228312584,0.4308292690644799,3.259901443919837e-05,0.030083018537980524,2.0732057519229076e-05,0.00019658723931926291,0.09820012980160647,1.7650102103530765e-05,0.32051254890766184,2.0134496229487413e-05,9.38095084900636e-05,16496.0
0.0007275944022390713,0.003062019038630341,0.0006988708128650904,0.047551286813124406,0.18206320056273614,0.0006993367516404033,0.042623544671237086,0.0012418033088041167,0.0007772922899167628,0.3067537059354782,0.0007137458574794924,0.41146897888975104,0.0006944761252862971,0.0009241445408114929,16802.0
3.220545913950397e-05,0.005832521953771563,0.00016487725475994902,0.3142141739143926,0.19932800953622395,4.5953595514382244e-05,0.0675377286478378,0.0037184899350958924,0.00035461353994363086,0.15992157105880836,2.5761223830393086e-05,0.24875591511551226,1.639446874120464e-05,5.178429642867035e-05,16983.0
6.845019157087846e-05,9.654752764170247e-05,0.9977089944311242,0.00013007603330206374,4.9052097716353344e-05,7.478079770343266e-06,7.485458668041233e-05,4.050179275248907e-05,0.001387716947554786,0.0002221756787959855,1.3673890693730823e-05,0.00013907111957273875,5.391455602443142e-05,7.493066799808002e-06,17094.0
0.06145677658220587,6.100993255481945e-05,0.9286464136484749,0.001395543661876857,0.0017750068710635696,0.0002237439556411187,0.0009097105077417312,1.9616721506599535e-05,0.0019230795822893876,0.0018788843730804788,1.2813056495116224e-05,0.0016476353199953268,2.6410073024831986e-05,2.3355714049317693e-05,17172.0
4.678668667781515e-05,0.000859015230097701,9.151897900650328e-05,0.03276904689413107,0.1187921992072573,1.6550201991057e-05,0.0932249200076308,1.8018654274635344e-05,6.71863814070322e-05,0.005442656130000333,1.084655328938333e-05,0.7484855294827757,1.0834279017910779e-05,0.00016489131244277867,17285.0
4.667179444602081e-05,0.0021828135640339745,0.0001573456679666323,0.041258401669427264,0.31558191484858056,2.4100423332473747e-05,0.021061393901477342,7.847249447614227e-05,8.394819036574872e-05,0.004394295392036196,5.9443388642691786e-05,0.6148871212635019,1.9520728929410477e-05,0.00016455667278371099,17366.0
0.0002433035012369565,0.0013026107438786768,0.0001743200148412807,0.46965679668669114,0.030055268168112617,5.692898468104099e-05,0.4875335790630082,9.559763530504116e-05,0.0003174118050829935,0.0007409997522619438,0.00013425350979987308,0.005196413212979695,0.0001515810465589669,0.004340935875561495,17370.0
2.2079531855203958e-05,0.0027302752392318764,6.650472525820469e-05,0.022701044294234606,0.074294972625252,1.136953437197801e-05,0.009803553252257098,1.5497022374239127e-05,6.896990058801987e-05,0.0010956137815538918,8.296667664858814e-06,0.8888094613761834,1.1847646673782564e-05,0.00036051440250074756,17515.0
2.4872389875340174e-05,0.0016287747267336235,4.043461253237008e-05,0.02142486684611229,0.04831181520358322,1.0662858159283154e-05,0.01195188655298632,1.0735550172453932e-05,6.926204972065397e-05,0.0010830319214030556,7.259083579975975e-06,0.9153001267058923,1.1864062365615863e-05,0.00012440743688342992,18029.0
1.174469154637362e-06,9.489979706711741e-05,2.0043039165918573e-06,8.547036118036393e-05,1.6919758279021518e-05,2.274042605176319e-06,4.089625900338643e-05,5.963073381264844e-07,2.0483397171099533e-06,1.5139418550072001e-06,0.9988115112029634,1.8303244934845644e-05,1.1726116797651504e-05,0.0009106618551873941,18507.0
0.9954103162830553,8.125000542690602e-05,0.00016450621956240358,7.817606343437507e-05,0.000622030740068627,5.994915962850875e-06,0.00034596206953286634,1.4220890197554788e-06,0.0020729868792698043,3.287853153169992e-05,7.739693914748007e-07,0.0011523756865503222,4.573520157646324e-06,2.6753027035850537e-05,18556.0
7.635883558378698e-05,0.0017831254837317127,0.0002428985785747625,0.18555262965604294,0.03637340252356273,3.780383327081938e-05,0.10418303712686355,0.0004978365204283686,0.00033272711816772176,0.059188444480376246,0.006862423950771108,0.6022125753603864,1.955169223630285e-05,0.002637184840003573,18645.0
0.0008295490399435556,0.001932217261772,0.00014445083735657022,0.3712341670380811,0.054542632122230185,0.0001394675217689288,0.5366477493673292,0.0002259338451342425,0.0003509530931029541,0.007428269646821737,0.00022680307842646503,0.02504009508353394,0.00022252568986474283,0.0010351863746342895,18706.0
0.00016491911360128796,0.0026699700277039435,0.0001161226664686847,0.09767264408527333,0.15376949626563702,3.9164335451646176e-05,0.04513237334651377,6.10122762340551e-05,0.0002807865084160277,0.009990171238397546,4.0722876921291266e-05,0.688443949594616,8.833212562043367e-05,0.0015303355391450082,18937.0
0.00021681334012478215,0.00263586812090485,0.0006290207350800759,0.08100111758238517,0.31345299975939167,0.0001036151417242478,0.05848230850994478,0.0007136610678093186,0.00039129459230563085,0.13412961444438595,0.000739488866949918,0.40722902400042343,0.00011394054618127846,0.00016123329238893738,18952.0
3.6938488309108756e-05,0.00048742239581368055,3.826096789295009e-05,0.044219859962465316,0.01865161376005114,1.2120301547509636e-05,0.06238696608673916,1.3924159527807416e-05,5.313696363861996e-05,0.850434512111778,1.149148116855556e-05,0.023316742480104024,6.297651818540446e-06,0.0003307131891457079,19154.0
0.002390523205079593,0.011658795992345292,0.002108034652579364,0.29592215427794444,0.37386772681581015,0.0018557482664597403,0.20438670720832805,0.0032311428521718333,0.0021292911573287106,0.0024718705506156084,0.002095528873882204,0.09213435903819302,0.0018937048172178222,0.0038544122920441157,19213.0
1.1352999089040325e-05,0.0003756462476752226,3.5085400762901564e-05,0.010119769866072515,0.03796052170365184,7.356902216329386e-06,0.008721597997892717,1.098296670203591e-05,3.134330692597206e-05,0.0010347501138842422,5.080548902383232e-06,0.9415257892296462,7.294256086305799e-06,0.00015342846049206315,19866.0
4.6469179333729024e-05,0.0031435817496937666,0.00016983581526055778,0.10811313791546091,0.6611757707694961,3.6897777963800804e-05,0.050935392947025405,0.0005202290319125948,0.0001570268644763359,0.024795893958384167,2.4160114120829054e-05,0.15069562685673968,2.677205838595731e-05,0.00015920496174618587,20567.0
0.000374744977518914,0.04911244801174378,0.00032100659186596144,0.824975451153011,0.02741104507668226,8.70830837659411e-05,0.012209853917046662,0.00014307463594040578,0.00034665236247307746,0.0019880767732615447,0.0004099674331251889,0.009538941679369145,0.00043920245831633836,0.07264245184587989,20934.0
5.382032624938587e-05,0.011121757545499288,0.00011864799736432938,0.025937893201572196,0.12730764972384934,2.9471240289384906e-05,0.001728178132107671,0.00010929469624293567,0.00011083062991883242,0.0004605295428675399,0.0007743548475625744,0.8320507758938002,3.367282871088887e-05,0.00016312339396547625,21335.0
3.817657250285026e-05,0.0017827240059442489,0.0001456588852193572,0.04696808042922936,0.10195024705995161,1.3794496113308645e-05,0.016665775588746694,3.077894896843385e-05,5.513800835224633e-05,0.05000280786294703,8.606012743948443e-06,0.7822937633320352,1.0785433516930407e-05,3.366336372873419e-05,22184.0
0.0031195079640240963,0.0014124200246012962,0.9708299927173165,0.0018792270386342386,0.0010239953111612647,0.00018427506619092995,0.0006813349049650075,3.804839290901075e-05,0.00528722690263485,0.0005599878646527939,0.0004004317464300172,0.0023358659158412604,0.011885439263756691,0.00036224688688185153,22574.0
9.638848844858415e-05,0.003644387650963511,0.00018454414320926828,0.08928405596033982,0.0873013134799071,3.0013252466679644e-05,0.01941948873681678,0.0004586061658550155,0.00025331628096081203,0.013209316371438932,2.0954679448387025e-05,0.7856956001385644,4.321164695301602e-05,0.0003588030046276202,22901.0
4.387119568255373e-05,0.1291977680705939,0.00011243683774247331,0.6427907909689675,0.03222148439102877,2.0281301741284493e-05,0.002920534178217881,2.7316308622467515e-05,0.00018006176670446605,0.0004016908247390454,0.012684453621789882,0.05777181602131289,5.71984294665108e-05,0.12157029608339055,23116.0
3.601177555643635e-05,0.004120815392662176,7.969268077870539e-05,0.19930380182175914,0.586498677510794,1.4967988291729723e-05,0.010784650103904002,1.7339923083238998e-05,7.481708561270884e-05,0.00030756583009880506,1.771221179965776e-05,0.19850367842510055,1.700036935438002e-05,0.0002232688812047542,23127.0
4.597644959196832e-07,3.2768869800167935e-05,5.959176227002486e-07,3.099600182368026e-05,2.51543495913573e-05,3.5292411686836453e-07,1.0222355598032279e-05,4.842589554482283e-07,1.8054839691084997e-06,9.55677429633797e-07,0.9998318081258346,1.4688554524032816e-05,4.276662550094113e-05,6.9410907378245875e-06,23299.0
7.397038364821798e-09,4.953329711234251e-06,1.7580514219012522e-08,8.467023023712999e-06,1.5736394195342773e-06,1.9219629098804647e-08,2.3211276862821036e-07,2.5769336322131684e-09,2.8834216905088964e-08,1.7074664769891593e-08,0.9999807867417086,9.534651822120563e-07,2.0138997900260337e-06,9.271053988119714e-07,23373.0
2.398688267955147e-05,0.000471693245191614,3.253858894077959e-05,0.0664139398080611,0.01148637303412497,1.3545532958848627e-05,0.03005649060359796,2.830030500104865e-05,5.7349706511369566e-05,0.4435020297398768,6.787999212684379e-06,0.447014845675474,4.900679832816501e-06,0.0008872181985365902,23396.0
